2.04358  606.700006850723  0.016
2.0664  600  0.02
2.09046  593.094342871904  0.025
2.14023  579.30222452727  0.033
2.16601  572.40732960605  0.042
2.20587  562.063947558106  0.048
2.23327  555.16798237562  0.056
2.26137  548.269411905173  0.06
2.31972  534.478299105064  0.075
2.35005  527.580264249697  0.085
2.38116  520.687396059064  0.096
2.41313  513.789145218036  0.121
2.44598  506.888854365122  0.147
2.47968  500  0.166
2.53081  489.898490996954  0.182
2.58354  479.899672542326  0.194
2.6194  473.329770176376  0.203
2.69589  459.900070106718  0.22
2.73515  453.298722190739  0.238
2.79685  443.298711049931  0.253
2.86139  433.299899699097  0.269
2.95271  419.899008029911  0.287
3.04884  406.659582004959  0.3
3.12665  396.539427182448  0.31
3.2393  382.749359429506  0.32
3.39218  365.499472315738  0.33
3.52508  351.71967728392  0.335
3.66893  337.929587100326  0.335
3.82396  324.229332942813  0.335
3.99949  309.99952493943  0.33
4.13281  299.99927410164  0.325
4.27679  289.89966774146  0.31
4.48244  276.599352138567  0.296
4.65057  266.599578116231  0.282
4.89476  253.299446755306  0.257
5.02774  246.599863954779  0.237
5.16816  239.899693507941  0.22
5.31437  233.299525625803  0.197
5.63821  219.899578057575  0.165
5.90401  209.999644309546  0.139
6.19921  199.999677378247  0.114
